1.0000000000000229e+00 -1.5131385843715662e-02 -1.5131385843715634e-02 1.6358589686045524e+230 -1.2009823843193473e-02 -1.2009823843193457e-02 -1.2009823843193473e-02 -6.5529274166177846e-04 -1.2009823843193473e-02 9.9999999999999722e-01 
-1.5131385843715662e-02 9.9999999999999978e-01 -6.5529274166177846e-04 -6.6307980123730223e-02 -nan 1.7217926399135861e-03 1.7217926399135885e-03 9.9999999999999722e-01 -1.2009823843193457e-02 -1.2009823843193457e-02 
-1.5131385843715662e-02 6.5856920537008778e-01 -6.5529274166177846e-04 -1.5131385843715662e-02 1.7217926399135880e-03 1.7217926399135854e-03 -2.9144777351759994e+301 6.5856920537008623e-01 -1.2009823843193457e-02 -1.2009823843193457e-02 
-1.5131385843715636e-02 -6.5529274166177846e-04 6.5856920537008623e-01 6.5856920537008778e-01 8.4455505206485653e-314 -2.8715901199082789e-03 -2.8715901199082806e-03 -1.2009823843193457e-02 9.9653771772445554e-01 1.7217926399135861e-03 
-1.5131385843715636e-02 -6.5529274166177846e-04 6.5856920537008623e-01 9.9999999999999978e-01 -1.5131385843715634e-02 7.9158170991012289e-01 -1.5131385843715634e-02 -1.2009823843193457e-02 9.9653771772445554e-01 3.5847921065303326e-319 
7.9158170991012278e-01 -1.2009823843193473e-02 -1.2009823843193457e-02 -6.5529274166177846e-04 -6.5529274166177846e-04 -1.2009823843193473e-02 -6.5529274166177846e-04 2.7573309628754128e-319 -3.3289859908675126e-03 -2.8715901199082776e-03 
7.9158170991012278e-01 -1.2009823843193473e-02 -1.2009823843193457e-02 -6.5529274166177846e-04 -6.5529274166177846e-04 -1.2009823843193473e-02 -6.5529274166177846e-04 1.7217926399135854e-03 -3.3289859908675087e-03 7.9158170991012289e-01 
9.1092972057524695e-03 -nan 1.7217926399135861e-03 -1.2009823843193473e-02 9.9999999999999722e-01 -1.2009823843193457e-02 6.5856920537008623e-01 7.7265024551162667e-314 -5.2628831814153523e-02 -1.2009823843193473e-02 
1.6358589686045524e+230 1.7217926399135880e-03 1.7217926399135854e-03 -1.2009823843193473e-02 6.5856920537008623e-01 -1.2009823843193457e-02 9.9999999999999722e-01 7.9158170991012289e-01 9.1092972057524695e-03 -1.2009823843193473e-02 
-6.6307980123730223e-02 8.4455505206485653e-314 -2.8715901199082789e-03 1.7217926399135885e-03 -1.2009823843193457e-02 9.9653771772445554e-01 -1.2009823843193457e-02 -1.2009823843193473e-02 1.7217926399135885e-03 -1.2009823843193457e-02 

